1 spatial_element
1 583422.95	2195500.59
2 583380.61	2195597.09
3 583372.54	2195634.93
4 583360.04	2195693.87
5 583347.18	2195754.68
6 583334.74	2195814.23
7 583322.14	2195873.81
8 583309.21	2195935.41
9 583297.02	2195995.18
10 583284.67	2196055.1
11 583272.08	2196114.64
12 583259.51	2196173.98
13 583246.94	2196233.17
14 583234.43	2196292.71
15 583225.03	2196338.19
16 583210.72	2196404.54
17 583205.29	2196430.13
18 583232.28	2196406.06
19 583245.97	2196342.62
20 583255.38	2196297.09
21 583267.88	2196237.58
22 583280.44	2196178.42
23 583293.01	2196119.08
24 583305.62	2196059.48
25 583317.99	2195999.48
26 583330.16	2195939.76
27 583343.09	2195878.21
28 583345.4	2195867.26
29 583328.07	2195852.77
30 583352.31	2195748.89
31 583377.5	2195714.78
32 583380.98	2195698.3
33 583393.48	2195639.37
34 583406.12	2195580.07
35 583417.91	2195524.89
1 583422.95	2195500.59

2 spatial_element
1 583230.93	2196412.36
2 583203.98	2196436.29
3 583198.33	2196462.92
4 583186.08	2196520.1
5 583173.08	2196582.22
6 583160.41	2196641.24
7 583147.9	2196701
8 583137.86	2196749.27
9 583125.58	2196806.24
10 583112.65	2196866.67
11 583100.74	2196923.69
12 583090.41	2196972.5
13 583078.19	2197031.07
14 583072.35	2197068.26
15 583073.47	2197069.68
16 583096.39	2197053.12
17 583099.25	2197034.92
18 583111.35	2196976.91
19 583121.68	2196928.08
20 583133.6	2196871.09
21 583146.5	2196810.74
22 583158.8	2196753.71
23 583168.84	2196705.38
24 583181.34	2196645.67
25 583194.01	2196586.65
26 583207.01	2196524.53
27 583219.26	2196467.39
1 583230.93	2196412.36

3 spatial_element
1 583398.88	2195555.44
2 583483.09	2195363.51
3 583504.56	2195478.67
4 583469.94	2195589.56
5 583459.37	2195603.88
6 583444.42	2195592.92
7 583424.31	2195573.29
8 583405.51	2195550.8
1 583398.88	2195555.44

4 spatial_element
1 583927.17	2195786.77
2 583895.38	2195871.82
3 583915.65	2195911.43
4 583659.27	2196081.72
5 583676.85	2196056.99
6 583720.4	2195972.8
7 583748.66	2195893.66
8 583758.12	2195871.51
9 583799.74	2195788.25
10 583809.09	2195768.35
11 583811.17	2195778.66
12 583872.88	2195799.87
1 583927.17	2195786.77

5 spatial_element
1 583482.12	2196514.35
2 583445.19	2196579.63
3 583355.59	2196691.58
4 583266.97	2196929.85
5 583092.96	2197055.6
6 583096.54	2197019.31
7 583101.36	2196992.38
8 583109.8	2196966.35
9 583121.72	2196941.73
10 583140.45	2196908.95
11 583186.67	2196836.01
12 583194.44	2196817.22
13 583209.03	2196791.65
14 583227.21	2196768.5
15 583248.59	2196748.27
16 583309.47	2196698.62
17 583328.51	2196684.87
18 583357.77	2196666.25
19 583365.32	2196653.69
20 583390.61	2196615.29
21 583409.32	2196591.12
22 583462.71	2196532.1
1 583482.12	2196514.35

6 spatial_element
1 583949.62	2195888.58
2 583814.77	2196066.08
3 583573.71	2196358.86
4 583570.27	2196310.3
5 583572.59	2196279
6 583579.79	2196248.43
7 583602.27	2196178.18
8 583613.88	2196149.66
9 583629.74	2196123.26
10 583653.8	2196089.41
11 583917.04	2195914.28
1 583949.62	2195888.58

7 spatial_element
1 583398.88	2195555.44
2 583483.09	2195363.51
3 583504.56	2195478.67
4 583469.94	2195589.56
5 583459.37	2195603.88
6 583444.42	2195592.92
7 583424.31	2195573.29
8 583405.51	2195550.8
1 583398.88	2195555.44

8 spatial_element
1 583927.17	2195786.77
2 583895.38	2195871.82
3 583915.65	2195911.43
4 583659.27	2196081.72
5 583676.85	2196056.99
6 583720.4	2195972.8
7 583748.66	2195893.66
8 583758.12	2195871.51
9 583799.74	2195788.25
10 583809.09	2195768.35
11 583811.17	2195778.66
12 583872.88	2195799.87
1 583927.17	2195786.77

9 spatial_element
1 583482.12	2196514.35
2 583445.19	2196579.63
3 583355.59	2196691.58
4 583266.97	2196929.85
5 583092.96	2197055.6
6 583096.54	2197019.31
7 583101.36	2196992.38
8 583109.8	2196966.35
9 583121.72	2196941.73
10 583140.45	2196908.95
11 583186.67	2196836.01
12 583194.44	2196817.22
13 583209.03	2196791.65
14 583227.21	2196768.5
15 583248.59	2196748.27
16 583309.47	2196698.62
17 583328.51	2196684.87
18 583357.77	2196666.25
19 583365.32	2196653.69
20 583390.61	2196615.29
21 583409.32	2196591.12
22 583462.71	2196532.1
1 583482.12	2196514.35

10 spatial_element
1 583949.62	2195888.58
2 583814.77	2196066.08
3 583573.71	2196358.86
4 583570.27	2196310.3
5 583572.59	2196279
6 583579.79	2196248.43
7 583602.27	2196178.18
8 583613.88	2196149.66
9 583629.74	2196123.26
10 583653.8	2196089.41
11 583917.04	2195914.28
1 583949.62	2195888.58

11 spatial_element
1 583107.18	2197045.32
2 583073.47	2197069.68
3 582823.37	2196751.84
4 582855.51	2196730.13
5 583035.15	2196965.36
6 583065.14	2197009.96
7 583070.9	2197005.98
8 583088.32	2197026.02
9 583099.76	2197038.64
10 583107.18	2197045.32
1 583949.62	2195888.58

12 spatial_element
2 583814.77	2196066.08
3 583562.15	2196372.9
4 583445.19	2196579.63
5 583355.59	2196691.58
6 583266.97	2196929.85
7 583073.47	2197069.68
8 582823.37	2196751.84
9 582929.2	2196680.34
10 583335.11	2196319.83
11 583523.2	2196176.3
12 583917.04	2195914.28
1 583949.62	2195888.58

13 spatial_element
1 583927.17	2195786.77
2 583895.38	2195871.82
3 583915.65	2195911.43
4 583523.58	2196171.85
5 583336.48	2196313.13
6 582929.81	2196675.8
7 583090.38	2196378.79
8 583125.13	2196238.8
9 583215.58	2195973.23
10 583483.09	2195363.51
11 583504.56	2195478.67
12 583469.94	2195589.56
13 583352.31	2195748.89
14 583328.07	2195852.77
15 583402.28	2195914.81
16 583550.26	2195817.15
17 583672.18	2195675.05
18 583734.36	2195719.18
19 583796.4	2195705.48
20 583811.17	2195778.66
21 583872.88	2195799.87
1 583927.17	2195786.77
